2017
2017
2017
2017
2017
2017
2017
2017
2017
2017
2017
2017
2017
2017
2017
2017
2017
2017
2017
2017
2017
2017
2017
2017
2017
2017
2017
2017
2017
2019
2018
2019
2019
2019
2019
2019
2019
2019
2019
2019
2019
2019
2019
2019
2019
2017
2017
2017
2017
2017
2017
2017
2017
2017
2017
2017
2017
2017
2017
2017
2019
2019
2019
2017
2017
2017
2015
2015
2015
2015
2015
2015
2015
2015
2015
2015
2015
2017
2017
2017
2017
2017
2017
2017
2017
2018
2018
2018
2019
2019
2019
2019
2019
2019
2019
2019
2019
2019
2019
2019
2019
2019
2019
2019
